000000000000000000000000000000000000000000000000000000000000000000000000000000000000000000000000000000000000000000000000000000000000000000000000
SSS111111111111111100000000111111110000000000000000111111111111111111111111111111111111111111111111111111111111111111111111111111111111111111110
SSS111111111111111100000000001111110000000000000000111111111111111111111111111111111111111111111111111111111111111111111111111111111111111111110
SSS111111111111111100000000011111111111111111111111111111111111111111111111111111111111111111111111111111111111111111111111111111111111111111110
000000111111111111111111111111111111111111111111111111110000001111111111111111111111111111111111111111111111111111111111111111111111111100000000
000000111111111111111111111111111111111111111111111111111111111111111111111111111111111111111111111111111111111111111111111111111111111100000000
000000111111111111111111111000011111100000000000001111111111111111111111111111111111111111111111111111111111111111111111111111111111111110000000
000000111100000000000000000000011111111111000000001111111111111111111111111111111111111111111111111111111111111111111111111111111111111111111110
011111111000000000000000000000011111111111100000001111110000001111111111111111111111111111111111111111111111111111111111111111111111110111111110
011111111100000000000000000000011111111111111111111111110000001111111111111111111111111111111111111111111111111111111111111111111111110111111110
011111111111111111111111111111111111100001111111111111110000001111111111111111111111111111111111111111111111111111111111111111111111110000000000
000000011111111111111111111111111111100000111111111111111111111111111111111111111111111111111111111111111111111111111111111111111111111000000000
000000011111111111111111111111111111110000000000001111000000000111111111111111111111111111111111111111111111111111111111111111111111111100000000
000000011111111111111111111111111111111111111111111111111111111111000000000000011111111111111101111011111111111111111111111111111111111000000000
000000011111111111111111111111111111111111111111111111111111111100000111111100000111111111111101111011111111111111111111111111111111111111111110
000000011111111111111111111111111111111111111111111111111111111111111111111111111111111111111100000011101110111100111111111111111111111111111110
000000011111111111111111111111111111111111111111111111111111111111111111111111111111111111111101111011101100111011011111111111111111111111110000
000000111111111111111111111111111111111111111111111111111111111111111111111111111111111111111101111011110010111000101111111111111111111111100000
000001111111111000000011111000000000111100000111111111111110000011111111111111111000001111111111111111111111111111111111111111111111111111000000
000011111111111011111101111111101111111011111011111111111111111111111111111111111111111111111111111111111111111111111111111111111111111111111110
011111111111111011111110111111101111110111111101111111111111111111111111111111111111111111111111111111111111111111111111111111111111111111111110
011111111111111011111101111111101111110111111111111111111111111111111111111111111111111111111110000111101111111111111111111111111111111111111110
000011111111111000000011111111101111111000000011111111111110000011111111111111111000001111111101111011101111111111111111111111111111111111000000
000001111111111011111101111111101111111111111101111111111111111111111111111111111111111111111101111111101001111100011110100111110001111111100000
000000111111111011111110111111101111110111111101111111111111111111111111111111111111111111111101111011100110111000001110011011101110111111110000
000000011111111011111101111111101111111011111011111111111111111111111111111111111111111111111110000111101110111101111110111011110110111111111000
000000001111111000000011111111101111111100000111111111111111110000011111111100000111111111111111111111111111111111111111111111111110111111111100
000000000111111111111111111111111111111111111111111111111111111100000000000000011111111111111111111111111111111111111111111111110001111111111110
000000000011111111111111111111111111111111111111111111111111111111111111111111111111111111111111111111111111111111111111111111111111111111111110
011111111111111111111111111111111111110111111111011111111111111111111111111111111111111111111101111011111111111111111111111111111111111111111110
011111111111111111111111111111111111101011111110101111100000000111100000111111111111111111111110110111111111111111111111111111111111111111111110
000000000000000001111111100000001111111111111111111111111100001111000000111111111111111111111111001111101110111111111111111111111111111111111110
000000000000000001111111111111111111111111111111111111111110011111000000111111111111111111111111001111101100111111111111111111111111111111111110
000000000000000001111111111111111111111111111111111111111111111111111111111111111111111111111111001111110010111111111111111111111111111111111110
011111111111111111111111111111111111110001111100011111110111111111111111111111111111111111111111111111111111111111111111111111111111111111111110
011111111111111111111110000000000111111000000000111111100011111111111111111111111111111111111111111111111111111111111111111111111111011111111100
011111110000000000111110000000000111111111111111111111000001111111111111111111111111111111111111111111111111111111111111111111111111100000000000
011111110000000000111111111111111111111111111111111111111110111111111111111111111111111111111111111111111111111111111111111111111111100000000000
011111110000000000111111111111111111111111111111111111111111111111111111111111111111111111111111111111111111111111111111111111111111000000000000
000001111111000011111111000000000000000011111111000000111111111111111111111111111111111111111111111111111111111111111111111111111111111111111FFF
000001111111000011111111100000000000000011111100000000000011111111111111111111111111111111111111111111111111111111111111111111111111111111111FFF
000001111111000011111111110000000000000111111000000000000001111111111111111111111111111111111111111111111111111111111111111111111111111111111FFF
000000000000000000000000000000000000000000000000000000000000000000000000000000000000000000000000000000000000000000000000000000000000000000000000